0 0.6923666286468506 0.6931142276525497 0.5003729981184005 0.5005500248074531
1 0.6931993561983109 0.6932272863388061 0.49963189840316774 0.4997459852695465
2 0.6940414243936539 0.6931841987371444 0.49986161053180694 0.4997101217508316
3 0.6923343610763549 0.69288440823555 0.5007052418589591 0.5002761724591255
4 0.6982865035533905 0.6788984918594361 0.5153744572401047 0.4977171114087105
5 0.8372687673568726 0.5852662736177444 0.5870486645400524 0.43801104187965395
6 1.0968483728170395 0.44858538448810575 0.6794377902150154 0.34172391310334205
7 1.3461736637353896 0.3636809029430151 0.7521613071858883 0.26969097390770913
8 1.5451471954584122 0.3096279748529196 0.7890180777013301 0.22506689861416818
9 1.7474960774183272 0.274638390019536 0.808763425797224 0.18689753226935862
10 1.8558186808228492 0.2441122566536069 0.8424535039067268 0.16955165408551692
11 2.173855195045471 0.20778169225901366 0.8740889568626881 0.1373433944582939
12 2.254897558093071 0.16233799815177918 0.8985776831954717 0.11396524555981159
13 2.334890621937811 0.19856478538364172 0.8901482571661472 0.12987720709294082
14 2.470887974174693 0.2171940744202584 0.898380683735013 0.11757093381136656
15 2.283232480883598 0.1909602396376431 0.8773228763043881 0.13220821656286716
16 2.3632413405179977 0.19575784515589476 0.8721431154385209 0.13019269179552795
17 2.362935872375965 0.16549145825207234 0.8912615507841111 0.11530054641887545
18 2.5073288643360137 0.18883463613688944 0.8815618631243706 0.10943741627037525
19 2.6431890520453454 0.14927021465264262 0.904875163808465 0.09183761926367878
20 2.5795090782642363 0.124898494258523 0.9111147886514663 0.0895172130689025
21 2.811893420815468 0.12476515614427626 0.9250407495722175 0.07399476169608533
22 2.912323273718357 0.12338841903023422 0.9124908012710512 0.06791623992845416
23 2.839440661026165 0.1611287491861731 0.9371534616500139 0.09527742318809032
24 3.090553931295872 0.10983339706901461 0.9239271568879485 0.06811805014498531
25 2.997393296957016 0.11993149741552771 0.9383222093246877 0.06896248975768686
26 3.3051518297195432 0.09276268614456057 0.9508369671739638 0.054769596215337515
27 3.317773225903511 0.12268388654571026 0.9350121203344315 0.07231766496319324
28 3.420741929337382 0.08774373324820772 0.9422552451863885 0.0518233388569206
29 3.583118445277214 0.0868254927988164 0.9598301029670984 0.04985773928463459
30 3.298900744020939 0.11087995361536741 0.9321817360632122 0.058412663890048865
31 3.523427014350891 0.07853203359991312 0.9546234682109207 0.03848573023453355
32 3.50997891113162 0.12239128348883241 0.9321889465861023 0.050692572752013804
33 3.7801016753911973 0.07473181978100911 0.9467652777489275 0.038187834140844645
34 3.921465470790863 0.05793965906603262 0.972057927781716 0.031360023897141216
35 3.9301236149668695 0.04806689543183893 0.971981783453375 0.024183892495930195
36 3.674408779144287 0.08551955868257209 0.9573119706660509 0.04645859180949628
37 4.032110548019409 0.07372088702628389 0.954356940202415 0.03379837470361963
38 3.758741948604584 0.07335323161678389 0.9582256174273789 0.03589795653708279
39 3.8919974637031554 0.0755119566549547 0.9678621027152985 0.038847464248538015
40 3.9168075174093246 0.0539354418986477 0.9681707109697163 0.02846902412828058
41 4.50215857475996 0.058260969697148536 0.9727749959612265 0.027940416482742876
42 4.028111293017864 0.08060030066641048 0.9517070605186746 0.04282360804732889
43 4.261957972049713 0.07221436675172299 0.9649539565062151 0.02305861237226054
44 3.8356595921516417 0.058558222190476954 0.9709927466185764 0.02446532399393618
45 3.915437290072441 0.06576239218004049 0.9659673408046365 0.03290679861325771
46 3.7830405801534654 0.10184788394719363 0.9386818107869476 0.04698308665072545
47 3.8330117642879484 0.06762770542409272 0.9725813002465293 0.025649816989898683
48 3.748349879980087 0.06578484803787432 0.9643564321193844 0.04096713296836242
49 3.907978069037199 0.04977231035707518 0.9714566721022129 0.029909407747909428
50 3.93086430311203 0.051413478846661746 0.9759730347339064 0.03153453102335334
51 4.241617335733026 0.10549865071428939 0.9447961945366115 0.042772729790012814
52 4.038103494644165 0.05985886211390607 0.9745046094618738 0.023715235516428946
53 4.099394254684448 0.04170388757484034 0.9708227606117725 0.024026590907014908
54 3.92962639356032 0.09367409292026423 0.9538606779836118 0.06384002835955471
55 4.085451519489288 0.04639609589241445 0.9668710990436375 0.024973947538528593
56 3.9778612053394315 0.04651749268872663 0.97277820892632 0.02262549363076687
57 4.021396515369415 0.07899844937841408 0.9685043687932193 0.024680212085368112
58 4.463264805078507 0.0442827803385444 0.9719456248544156 0.02690814235713333
59 4.086669535785913 0.06577399893314578 0.9697240696242079 0.03848030943539925
60 4.198471760451794 0.048830928397364914 0.9748959552124142 0.022101408860180527
61 4.060717370510101 0.04797615290852263 0.9805780651792884 0.02700761515647173
62 4.053663928285241 0.05510382122069132 0.9759075128287077 0.034134074156172575
63 4.308470635414124 0.04708363676909357 0.9784983101673425 0.021860330424970015
64 4.329230262562633 0.04789632864063606 0.9759126542881131 0.03303106651408598
65 4.349918509721756 0.035636570065980776 0.9864683400280774 0.01801415459252894
66 4.528024060726166 0.03228851434076205 0.9735815861448646 0.018307858111802487
67 4.146724019646644 0.1004112075921148 0.9537938351277262 0.0479400357673876
68 4.2368223762512205 0.06432142240810208 0.9779372389102354 0.01819873140193522
69 4.124258034229278 0.036368481257231904 0.982074916716665 0.01905547819333151
70 4.051297999620438 0.0535881223634351 0.9748678895551711 0.026796695687808098
71 4.441703120470047 0.03899094774154946 0.9771924394927919 0.01617974996101111
72 4.247610301971435 0.06858374551404267 0.9707628403604031 0.030859810885740444
73 4.5912009882926945 0.03758167197345756 0.9769314760807901 0.0181305726361461
74 4.325187436975539 0.047386563995387404 0.9735984792746604 0.03705352626275271
75 4.523864309787751 0.03815204127575271 0.9788563400693238 0.014582363867666571
76 4.27642437444767 0.10728503923397512 0.9644803705066443 0.048715146228205414
77 4.419190237522125 0.059063116804463786 0.9787350928736851 0.01470594820799306
78 4.190299970507621 0.04492340680793859 0.9818173177726567 0.027334103442262857
79 4.29831463098526 0.034566644023288975 0.9816874362714588 0.017074730328749864
80 4.474088330268859 0.02961188527289778 0.9856187599524856 0.013817383765708655
81 4.494044730663299 0.0326918623119127 0.9841055538225919 0.01314167516771704
82 4.735291380882263 0.029881352474330925 0.9806187127903104 0.013542660458479077
83 4.305801851898432 0.06495217852294445 0.9728365890216082 0.019892841423861683
84 4.430590614080429 0.03988014102214947 0.9698035135865212 0.019281642041169108
85 4.554258995056152 0.03766315336106345 0.9817908146046102 0.022021557108964772
86 4.543084223270416 0.04338136249687523 0.9847525181528181 0.01641782087390311
87 4.219769968986511 0.05637267927522771 0.9782328858366236 0.01906657780520618
88 4.4961453115940095 0.03690667856368236 0.9840646942704916 0.025784020536812023
89 4.4311549091339115 0.03185785539564676 0.9866485150344669 0.017069782007019967
90 4.535949683208019 0.14322089192035492 0.9605070652178256 0.0523434729166911
91 4.793949041366577 0.048584561866591686 0.9710044712014496 0.013641142001142725
92 4.737964696288109 0.04504091456299648 0.9807108802674338 0.021562571534886957
93 4.5373546628654005 0.049296886062948034 0.9815783163905144 0.035523746254621076
94 4.593211903572082 0.03380124923074618 0.9797256944328546 0.013177785286679865
95 3.9897339776158334 0.05113386297482066 0.9692417389526963 0.04683245935477316
96 4.035891170501709 0.059854377598967404 0.9772225079406053 0.02209307498065755
97 4.3401394987106325 0.03148887573508546 0.9792440185602754 0.019039357916917653
98 4.676667883396148 0.04877585137728602 0.9798100324627012 0.0273467565048486
99 5.140323107242584 0.03203269579447806 0.9790432577580214 0.00860667099535931
100 4.58514588356018 0.029699947781628 0.9870487123541534 0.010959069614764304
101 4.542003071308136 0.029938593204133213 0.9807859602989629 0.013167173529509454
102 4.536945788860321 0.028666187189519406 0.9898159707337618 0.011833179795648902
103 4.671693744659424 0.028720054012956096 0.9897067798953504 0.01042593559017405
104 4.721388776302337 0.02477631806745194 0.9898322204593569 0.01060414131032303
105 4.554355983734131 0.031655111069558185 0.9897355164308101 0.012225892322603613
106 4.592841966152191 0.02716470345854759 0.989737994633615 0.011915587831754237
107 4.657244331836701 0.03139852507913019 0.990027236957103 0.01142421167343855
108 4.822177464962006 0.04159506960539147 0.9884321132861078 0.012769797425717115
109 4.614602501392365 0.10027486759761814 0.9599584294715896 0.036908563409233465
110 4.808386301994323 0.035138315504882486 0.9888249019300566 0.017961738853773567
111 4.507600092329085 0.08456809650291688 0.9745215975120664 0.031197441415861248
112 4.264846167266369 0.052669309460325164 0.9813723667059093 0.02767642599530518
113 4.579222330003977 0.0563504497485701 0.9813974229898303 0.02587194910040125
114 4.649424059055746 0.03687920697382651 0.9764445027709008 0.022683624321362002
115 4.554206699281931 0.05235988811356947 0.9783001038245857 0.02639934189384803
116 4.446878900527954 0.038011864792788404 0.9813874017354101 0.014379771242383868
117 4.42211565643549 0.1398907757474808 0.9472387750970666 0.04225476065417752
118 4.471186221837997 0.05119630580535159 0.976965876687318 0.026616195566020906
119 4.393393175601959 0.037302880039205774 0.983138736449182 0.017689972114749253
120 4.435774118602276 0.04822470812359825 0.9760356371477247 0.016117259745951743
121 4.1781839054822925 0.04329670145292766 0.9743595450744033 0.020085705898236484
122 4.44391988068819 0.05217360802460462 0.9726891579944641 0.022137871591839938
123 4.523798089027405 0.04107005344005302 0.9783850956428796 0.013713003802113235
124 4.2316981914639475 0.03668831270886585 0.9860645023919642 0.029832092963624747
125 4.425848076343536 0.05710919957258739 0.9789746713964269 0.014510481180623173
126 4.132277043759823 0.057867717454209926 0.979454458579421 0.021305818711407482
127 4.2573561549186705 0.035875406770501286 0.9886329535581172 0.020756331821903586
128 4.411400947570801 0.027354773855768143 0.9889331817254424 0.013312471576500683
129 4.566368651390076 0.02723058740608394 0.9896661463752389 0.012926204493269325
130 4.399451858997345 0.05743079763487913 0.9797046295134351 0.01434329945826903
131 4.560776274204255 0.03189150348189287 0.9899420324340462 0.01263693654211238
132 4.5884917664527896 0.029265294497599827 0.9898655139422045 0.010425697192549705
133 4.624489495754242 0.02794756984920241 0.989959556106478 0.011069059194996953
134 4.5978599810600285 0.026750922463834287 0.9899877903237939 0.011508440487086774
135 4.7081249856948855 0.02710984625155106 0.9895861763041467 0.011003992613404989
136 4.658690443038941 0.027517587501788513 0.9900518238265067 0.011509790329728275
137 5.148974367701449 0.14343847597832793 0.9614509952312801 0.04685504751862027
138 4.500173913240433 0.05099927095230669 0.9844341268227436 0.014611836303956807
139 4.454352082014084 0.05449754168977961 0.9761431835684925 0.020222274721600115
140 4.279336538314819 0.03839244408067316 0.9810797583311797 0.01830529094673693
141 4.032097760438919 0.035495368105475794 0.9862071983329952 0.0263021621783264
142 4.554221000671387 0.040978226101724434 0.983191070095636 0.01903711429098621
143 4.32942731693387 0.051585839280160146 0.98293703566771 0.01821307643316686
144 4.5174128329753875 0.03614552446990274 0.9839270263724029 0.01733970001572743
145 4.825948331356049 0.036784932786831634 0.9845654234290123 0.017747760445345193
146 4.695844676494598 0.031218627501511945 0.9862224940303713 0.013511072902474552
147 4.650620516426861 0.05326006424613297 0.986054122876376 0.022633924232795834
148 4.578620812892914 0.04224991171678994 0.9893498148024082 0.02431290633045137
149 4.828114957809448 0.046160227187210696 0.9820464754197746 0.012213194854557513
150 4.77742105126381 0.03526153102400713 0.9814257578644902 0.015745999428909273
151 4.5887028908729555 0.034474250687053426 0.9851711906678975 0.01962111990666017
152 4.80731552362442 0.0443791452574078 0.9855490895267576 0.01747717125690542
153 4.652232894897461 0.0346065919729881 0.9887194369640201 0.013715020352974535
154 4.6050822544097905 0.03170082834141794 0.9760396585334092 0.02235400481848046
155 4.749151943325996 0.03018199421581812 0.9882288864068687 0.01419661182211712
156 4.866028557419777 0.046501236152253114 0.9877699740976095 0.011556401880225166
157 4.759095986839384 0.05733097919204738 0.9760208381712436 0.030324137824354693
158 4.398198125213384 0.06008364271663595 0.9761864512832835 0.019146876722807064
159 4.258417320251465 0.03322939850739203 0.9863351739570498 0.017799666224746033
160 4.180006482601166 0.0509546141512692 0.9796977914217859 0.017964281467720868
161 4.376484221220016 0.030560250773560255 0.9898949197679758 0.01912392855505459
162 4.934011076986789 0.030910621532821096 0.9899360124580562 0.01711988553754054
163 5.06797253370285 0.034213611111044887 0.9867683720123023 0.01841300141240936
164 5.0209951186180115 0.03440181132347789 0.9800658846460283 0.010255445638322272
165 4.540637925863266 0.06482807103544473 0.9798824247135781 0.01756001141970046
166 4.75615522146225 0.029077014024951494 0.9870584682840854 0.010111902464996093
167 4.674530935287476 0.02713167880428955 0.9898236742708832 0.01242723199306056
168 4.394471673965454 0.05605934211052954 0.9799165782099589 0.014843978313729167
169 4.5175547742843625 0.02662862408091314 0.988585734507069 0.01273211652878672
170 4.621241981983185 0.0334236208582297 0.9898158859251999 0.010725808623246848
171 4.646120591163635 0.02666936452733353 0.9898946872120723 0.011305237717460842
172 5.254855265468359 0.058085369197506224 0.9789625857118517 0.031222134436684427
173 5.102537907734513 0.16655457226341241 0.9396461469704718 0.05002599911171274
174 4.886563062667847 0.040955497750546785 0.9791608083294705 0.011858685605693609
175 4.327257933616639 0.033659003593493254 0.9861736814212054 0.022633979400852697
176 4.317733225822448 0.043362048328854146 0.9874652018863708 0.019631262263283135
177 4.476997804641724 0.030032451346050947 0.9887044714111834 0.012489397849421949
178 4.891083722561598 0.044103089843993075 0.9786459214240313 0.024182320853578857
179 4.770534021854401 0.03832794930785895 0.9754673987627029 0.015996567509137093
180 4.66477148026228 0.04321470727212727 0.9836095263250172 0.019317067177034915
181 4.386760637164116 0.04590585641155485 0.9770193847641349 0.03618909729586448
182 5.076864161491394 0.03154410798684694 0.9819217784050852 0.009445694398600608
183 4.421769063472748 0.029471537304343657 0.986002577599138 0.0159754557418637
184 4.692005496025086 0.037193090023938565 0.985684115625918 0.019275914590107277
185 4.646323444247246 0.030884827037225476 0.9770779099687934 0.01652763336780481
186 4.284116938114166 0.05850188220560085 0.9806027994991746 0.021775406659580766
187 4.462666182518006 0.023624364970019088 0.9866831182036548 0.01230300592374988
188 4.583804798126221 0.03690035383333452 0.9869140884373337 0.01456961984746158
189 4.740983583927155 0.027402839615242557 0.9874725929833948 0.011549406936392188
190 4.609143118858338 0.025884502195985988 0.9890040739066899 0.011947444737888873
191 4.627241768836975 0.02879222934599966 0.9894562237244099 0.01243117569712922
192 4.698537187576294 0.02850886362721212 0.9887283772416413 0.01180745025863871
193 4.839286775588989 0.027878405838273466 0.9897273980267346 0.008989092085976154
194 4.7786310172081 0.028172018453478814 0.9886538031650707 0.010529494277434423
195 4.896852502822876 0.0331961870752275 0.9899427801044658 0.009162831110879779
196 4.672345099449157 0.03285450451367069 0.989206364331767 0.011475198501721025
197 4.688020102977752 0.03196831145673059 0.9901092295162379 0.011008314858190715
198 4.729312665462494 0.03271208108926658 0.989818854490295 0.009975355132482946
199 4.857415320873261 0.03463273384259082 0.9898159468965605 0.009876128151081503
