0 0.6935169537862141 0.6935192326704661 0.4997101902961731 0.5003969262043635
1 0.6939598202705384 0.692310611406962 0.5011419832706452 0.49948638677597046
2 0.6641362398862839 0.6901157438755036 0.528171357512474 0.5168955087661743
3 0.6817687471707662 0.6786870876948039 0.5202055702606837 0.5066859811544419
4 0.707702100276947 0.6785277525583903 0.5104775498310725 0.4931033114592234
5 0.7165815432866415 0.6578569968541463 0.533405202627182 0.48944363196690877
6 0.7475943704446156 0.6367077946662902 0.5478401819864909 0.475618318716685
7 0.7844288647174835 0.58519193927447 0.5934476564327876 0.45755938192208606
8 0.8605734229087829 0.518737843632698 0.6523051470518112 0.4250570158163706
9 0.9870091060797374 0.47768473128477734 0.6667333021759987 0.37836433947086334
10 1.0464965482552846 0.4549609576662382 0.6918728629748027 0.36380635201931
11 1.1257763425509135 0.4228219618399938 0.6986166129509608 0.3333560268084208
12 1.2615786035855612 0.3797967423995336 0.7349897543589274 0.2950791130463282
13 1.2720178186893463 0.3869941177467505 0.7298112710316976 0.2959042196472486
14 1.3751765151818593 0.3381079005698363 0.7696266199151675 0.26629235645135246
15 1.4246853113174438 0.3237881412108739 0.7794650798042615 0.24834964474042256
16 1.481098375717799 0.3197274789214134 0.7792175427079201 0.24395566085974377
17 1.5418624887863794 0.3176858566701412 0.78371552079916 0.2350122630596161
18 1.6436175982157388 0.2709102852890889 0.8206134115656217 0.20257630894581477
19 1.7397347370783487 0.23700119704008102 0.8491176247596741 0.18658657868703207
20 1.735654846827189 0.23571517343322437 0.8566345763703187 0.18297053575515748
21 2.010731518268585 0.2340031512081623 0.8568223496278127 0.15237353444099427
22 2.059997268517812 0.1979279232521852 0.8860995908578236 0.14200293496251107
23 2.1244730869928996 0.1960329506546259 0.8883193145195644 0.13719361200928687
24 2.201622474193573 0.1961501787106196 0.8898933398226897 0.12079302296042442
25 2.2809067527453104 0.17735939205934603 0.900715651238958 0.11471050282319387
26 2.276029113928477 0.17450600241621336 0.9026897589365641 0.10819458651045959
27 2.3624220887819924 0.16464101846019427 0.8979642135401567 0.10463877283036709
28 2.3767512798309327 0.16942763160914182 0.8977711066603661 0.10520270193616549
29 2.4468327879905702 0.16410947429637116 0.9085049440463384 0.0942828411857287
30 2.475458025932312 0.13436421602964402 0.9128202885389328 0.09424539258082708
31 1.9675072371959685 0.37270568404346704 0.8075737861295541 0.25010840569933257
32 2.289200536410014 0.20161350624014934 0.8785960130393505 0.12079565934836864
33 2.3250828882058463 0.16809386381258568 0.8913486036161582 0.1102604320893685
34 2.347024655342102 0.15270929758747417 0.9083272971212863 0.10423230342566966
35 2.4490198930104574 0.14512656883647043 0.8964786698420842 0.10076598053177198
36 2.357823387781779 0.1461394219348828 0.9044106399019559 0.10540815082689127
37 2.582423569758733 0.12894641092667977 0.9145047756532828 0.09103138446807861
38 2.646930154164632 0.09968277557442586 0.9316368632018566 0.08015226113299528
39 2.654992973804474 0.1597431284065048 0.8957294290264447 0.08456837398310503
40 2.7056001385052997 0.09883039550234875 0.9370391721526782 0.08085589731733005
41 2.6826062401135764 0.12743671890348196 0.917731816569964 0.09198073744773864
42 2.765359568595886 0.08829553108662366 0.9387211106717587 0.06873270266999801
43 2.9003258546193442 0.0650676238971452 0.9642542322476705 0.06000146754086018
44 3.092434020837148 0.07025526585057378 0.9495586281021436 0.049043511413037776
45 3.124369998772939 0.060366985760629176 0.9617419078946113 0.052516926700870194
46 2.9756305158138274 0.06682402053847909 0.9637009938557942 0.07848701886832714
47 3.179268899063269 0.08667879781375329 0.9325834314028422 0.07097895573824645
48 3.2275577386220298 0.044475713993112245 0.9734039098024369 0.047936381834248705
49 3.148571852842967 0.060309225351860125 0.9554043879111608 0.06274346044907968
50 3.475395194689433 0.041040799223507445 0.9643197705348333 0.03487094407901168
51 3.651617995897929 0.032514158030971886 0.9677692313989004 0.03912397554765145
52 3.620445700486501 0.024542241698751847 0.9706600079933803 0.0331354845315218
53 3.8466034173965453 0.03443813977452616 0.9828028937180837 0.03683397167672713
54 3.729830996195475 0.061399028295030196 0.947035118440787 0.05152782026367883
55 3.907428459326426 0.030119637384389837 0.9687606394290924 0.03038788652047515
56 3.8457247734069826 0.041301241532588996 0.9835755089918773 0.034379034458349146
57 3.9921294411023456 0.01855694946522514 0.9788964251677196 0.022254945198073982
58 4.2300674756368 0.017930848291143775 0.9841354012489318 0.020687955773125093
59 4.094173626104991 0.020522979522744813 0.9792800327142079 0.030969461317484577
60 4.425201066335043 0.015395688094819586 0.9832755823930105 0.016770455349857608
61 4.333366243044535 0.04473390926141292 0.9857345521450043 0.0367692188359797
62 4.291736320654551 0.038646473782137036 0.9783009618520737 0.026961257820948957
63 4.23518191576004 0.035140343483847876 0.969107852379481 0.024821516328180828
64 4.552809802691142 0.009219302345688145 0.9927798469861349 0.013169698238683244
65 4.83182168006897 0.008219100791029632 0.990025113026301 0.011021546786651015
66 4.944139719009399 0.0202607825708886 0.9928723951180776 0.02079377875197679
67 4.759251467386881 0.006177904530583571 0.9959208865960439 0.012714407624055941
68 5.009344458580017 0.007645291547911863 0.9933047592639923 0.0063795740638549125
69 4.4941668033599855 0.019387763226404786 0.993563961982727 0.012217237994385262
70 4.815263811747233 0.008508304448332638 0.9978205124537151 0.014458054886199534
71 4.808592136700948 0.008214139418366054 0.9988415956497192 0.010407695166456203
72 5.180740110079447 0.01070721794385463 0.9914532164732616 0.007647203972252706
73 5.336999177932739 0.007011591113405302 0.9978979706764222 0.00815778438700363
74 5.2030957301457725 0.007805367873515934 0.9886161764462789 0.007242974879530569
75 5.4179102897644045 0.004982966479534904 0.9924262603123982 0.005979501386173069
76 4.578040307760238 0.010237042986166974 0.9967608749866486 0.018960464706954856
77 5.03794113000234 0.007112443507260953 0.9914783974488576 0.010418033720149348
78 5.544411142667134 0.01441744218658035 0.9926152149836223 0.010090580602021266
79 5.606004055341085 0.005280756020996099 0.9976733167966206 0.010044931888114662
80 5.706981865564982 0.0036198726622387765 0.9935551206270854 0.004562818030050645
81 5.786616977055868 0.0020330210332758724 0.9962470869223277 0.0029807921731844545
82 5.4301460901896155 0.003081579230880986 0.9964566111564637 0.00500852099309365
83 5.061138796806335 0.00816430565319024 0.9973616758982341 0.0147280962827305
84 5.537646007537842 0.002700964598140369 0.9995485424995423 0.003401003812905401
85 5.67389341990153 0.0025971278354215126 0.9994818707307179 0.0034374143074577053
86 5.742763376235962 0.002572338013366486 0.9984636644522349 0.0031964310406086345
87 5.264132353484941 0.10435716100231124 0.9669292896986008 0.054086398278983934
88 5.560167872719466 0.08762734577758238 0.9356734817226727 0.07431081095904422
89 5.559745744864146 0.027453367594474306 0.9891144553820292 0.02865944424411282
90 4.905456159760555 0.7671212603124634 0.7716418277640817 0.12575317881225298
91 3.1199479778607686 0.19175389229009548 0.9022691071033477 0.06999147619741658
92 3.1493709405263264 0.0879378082541128 0.9639679014682769 0.06287478773544232
93 4.039285206794739 0.01167934142674009 0.9902614891529083 0.018604259627560776
94 4.402054937680562 0.010018941783346235 0.9955105284849802 0.014261191493521135
95 4.168251125017802 0.01326067273815473 0.9832102457682291 0.017667152686044574
96 4.3036781549453735 0.009779235332583387 0.9975099583466848 0.014225432866563399
97 4.5841374635696415 0.008633051665189366 0.9899307747681936 0.009840340043107668
98 4.69627312819163 0.010283348329054812 0.9931936621665954 0.01170537037930141
99 5.061579577128092 0.004499324609059841 0.9972816208998362 0.006527713336981833
100 5.384871339797973 0.003027702666198214 0.9973761399586996 0.004758032869237165
101 5.515784851710001 0.003154436417389661 0.9923815906047821 0.004191248960948238
102 5.5388751983642575 0.0028450010266775887 0.9975573937098186 0.004122898386170467
103 5.235351800918579 0.004397102891622732 0.9977888961633047 0.0055674270183468854
104 5.204127343495687 0.00361129908512036 0.9957389672597249 0.0055207809976612525
105 4.997586997350057 0.0066846165573224425 0.9959816853205363 0.006983554805628955
106 5.241905593872071 0.004457209336881836 0.9978049019972484 0.006525871988075475
107 5.594152768452962 0.0026013421127572657 0.9977971136569976 0.003960578225087374
108 5.693273683389028 0.07856483494397253 0.9752739608287812 0.024377106281463057
109 5.611784601211548 0.002153583619898806 0.998992133140564 0.0036404293961822985
110 5.734686660766601 0.002781506235866497 0.9936944226423899 0.0035289465449750423
111 5.448695039749145 0.004411167985138794 0.995903742313385 0.005098402570001781
112 5.665743494033814 0.0022625001574245593 0.9991560677687327 0.00380322306494539
113 5.886384661992391 0.0022951590285326044 0.9952212830384572 0.0028037564673771462
114 5.86999314626058 0.002139988741449391 0.9983224213123322 0.0029746731898436943
115 5.960727914174398 0.0018546880785531054 0.9978279948234559 0.0028044468296381333
116 6.0087024688720705 0.0022783470010229695 0.9984204252560933 0.0026024244725704193
117 5.93018790880839 0.0015627033290608475 0.9959561804930369 0.0026663093750054637
118 6.109416564305623 0.0015020402614027261 0.9993462344010671 0.0022052341490052642
119 6.100381882985433 0.0014956212757776181 0.9991088589032491 0.0022774211790723103
120 6.059225591023763 0.0018196773521291713 0.999611767133077 0.0026564222333642345
121 6.114720900853475 0.0014996465586591512 0.9994467576344808 0.002235085486123959
122 6.078079064687093 0.0021848029903291416 0.9994018177191416 0.0021829219767823815
123 5.928927373886109 0.0022046923443364602 0.9998079617818196 0.003038770352335026
124 6.101968653996786 0.0015396081493236125 0.9994619687398275 0.0026345421210862696
125 6.384598588943481 0.001252429544304808 0.9982517778873443 0.0018426616792567075
126 6.320484717686971 0.0011886130378115922 0.9981275022029876 0.0017430130974389613
127 6.403157520294189 0.0011980448189812401 0.9988781054814656 0.0016147144429851322
128 6.404932117462158 0.0010801563378966723 0.9995482722918193 0.0016194492656116685
129 6.346908299128215 0.0013317964583014449 0.9991762359937032 0.0019003844431911905
130 6.044317690531413 0.002295257890364155 0.9937707483768463 0.002673603167446951
131 6.170120096206665 0.001175256601224343 0.9997173209985097 0.002199547245011975
132 6.303485965728759 0.0014127643002818028 0.9997520963350932 0.0018953407629548262
133 6.128121089935303 0.0015678870937942218 0.9963389535744985 0.0019930137127327423
134 5.757129526138305 0.0020790179124257216 0.9997626145680746 0.0029375794615286092
135 5.963688103357951 0.0017281006982860466 0.9995607316493988 0.0026151289891762036
136 6.04861528078715 0.0013728626809703806 0.9989977359771729 0.002337628389553477
137 5.9565063635508215 0.0019279395637568086 0.9989710748195648 0.0027337870366560915
138 6.072032801310221 0.001485067770893996 0.9998521526654561 0.002415142045356333
139 5.807951958974202 0.0021101998165249823 0.9995661854743958 0.0037370753202897807
140 5.869116163253784 0.002475774328922853 0.9973675350348155 0.0036769016141382357
141 5.923310407002767 0.0018092588502137612 0.999635370572408 0.0032878045652372143
142 5.837589486440023 0.0017256427789106965 0.9997325698534648 0.0030032200079100828
143 6.1823169708251955 0.00138899190351367 0.9997784415880839 0.0020279829545567433
144 6.542197767893473 0.0009196541320610171 0.9997753779093425 0.001463693935268869
145 6.576711924870809 0.0008146622489827375 0.9989535868167877 0.001351267898765703
146 6.538708861668905 0.0009195841596617053 0.9996901551882426 0.0014892845938447863
147 6.423646354675293 0.0012319728043318416 0.9996982177098592 0.0017602689603033164
148 6.452055358886719 0.001016845319342489 0.9989327410856883 0.0015682745918941994
149 5.92715277671814 0.0030843260659215352 0.9995624899864197 0.002972244319971651
150 6.462008921305339 0.0008936247992096469 0.9997104485829671 0.0015196328924503178
151 6.731942160924276 0.0009124569720976675 0.9993290642897288 0.0012118845033304146
152 6.955162382125854 0.0007728891088239228 0.999033945798874 0.0010370591131504624
153 7.02226619720459 0.0005554099324702595 0.9991945246855418 0.0008881296710266421
154 7.14794069925944 0.0005332165354047901 0.9973041435082753 0.0007904253861246009
155 6.98305033047994 0.000754300684396488 0.9994491895039876 0.0009924556206290921
156 7.073233524958293 0.0006302020890871062 0.9998649636904399 0.0008675834881917884
157 6.741839456558227 0.001358828212444981 0.9996108790238698 0.0012705150778250147
158 6.663197946548462 0.00099944724352099 0.9998250703016917 0.0012927593643932292
159 6.972035137812297 0.0005848952384743219 0.9998780727386475 0.0009338487812783569
160 7.116651407877604 0.0005765118296646202 0.9998219013214111 0.0008326356696973865
161 6.935543696085612 0.0009015284973429516 0.9998501320679982 0.0009943893315115322
162 7.220470714569092 0.0005093871353892609 0.9998118917147318 0.0006862441271853944
163 7.457605044047038 0.0004163001188620304 0.9997650663057963 0.0006127170946759482
164 7.425607347488404 0.00044671285528844845 0.9999239504337311 0.0006343202199786902
165 7.285763756434123 0.0009220180164750976 0.9990826149781545 0.0006598506442969665
166 7.483184305826823 0.00033283723605563863 0.9998820722103119 0.0005960949599587669
167 7.6297801494598385 0.0003260363271692768 0.9997727354367574 0.0005167164742791404
168 7.553250233332316 0.0004507168826724713 0.9999305446942647 0.0005610896681901067
169 7.623032681147257 0.00035279568546684457 0.9997123996416728 0.0005269513649788375
170 7.543792645136516 0.00043902023511085037 0.9997626980145772 0.0005578405097670232
171 7.612293799718221 0.00031210357265081256 0.9998044768969218 0.0005020961466167743
172 7.692236518859863 0.0003013064716166506 0.9999471584955851 0.00044799409321664524
173 7.816069253285726 0.00026027069543488324 0.9998757044474283 0.00041063588093190144
174 7.818358627955119 0.0003210365112560491 0.999888296922048 0.0003870768588967621
175 7.980861314137777 0.00020585481518840728 0.9998347779115041 0.00037422608487152806
176 8.004661401112875 0.0003343100290900717 0.9998563667138417 0.0003675401026460653
177 7.957413101196289 0.00022239955311912732 0.9998188475767772 0.0003596721415912422
178 8.122779115041096 0.00021274790560710244 0.9995303710301717 0.00034252813396354516
179 7.833658949534098 0.0004505986575774538 0.9998295903205872 0.0004341046937042847
180 7.6762515226999914 0.0005087305403624971 0.9995312929153443 0.00044931002000036336
181 7.889757521947225 0.00027515811040454234 0.9998758216698964 0.0003987500846657592
182 7.599609406789144 0.0003461176400984793 0.9998924652735393 0.0005277700382672871
183 7.046042188008626 0.0005815266820718534 0.999684190750122 0.0010757920904628311
184 7.313661750157674 0.00048325986790587194 0.9998849491278331 0.0006218788131567029
185 7.647425889968872 0.00034096835200519613 0.9995925545692443 0.0005429021344752982
186 7.591889603932699 0.000570418089046143 0.9997716009616852 0.0006514525011880323
187 7.763810507456461 0.0002879318485308128 0.9998307406902314 0.00044588472422522804
188 7.7991213003794355 0.00034426607162458823 0.9998896181583404 0.0004114376090001315
189 7.966995827356974 0.00023155917588155717 0.9996546447277069 0.0003513427436701022
190 7.633160956700643 0.000578408958002304 0.9998271365960439 0.000550035762717016
191 7.920439418156942 0.0002655264370938918 0.9995137910048167 0.00037516411199855305
192 8.05135671297709 0.00021823332281201147 0.9998697678248087 0.00032197780965361746
193 8.18580207824707 0.00017980169238095793 0.9999311943848928 0.0002870691823773086
194 8.292029523849488 0.0002046849682907729 0.9999126056830089 0.00029272643635825567
195 8.29433732032776 0.00016025786220173662 0.999867836634318 0.00027005385442559297
196 8.411418390274047 0.00024549311710870826 0.999864274263382 0.00022707368819586312
197 8.378647661209106 0.000146599673947397 0.9999316950639089 0.00023348263008908057
198 8.375177065531412 0.0002024376352589267 0.999335382382075 0.00023086811949421342
199 7.570994965235392 0.0008780853791298189 0.999944825967153 0.0006310298485914245
